_target_: src.models.als.ALSModel
name: als
factors: 970
iterations: 23
regularization: 0.0001580457889424532
alpha: 0.5097730246429841
n_cand: 500
high_engagement_weight: 3.919856645475176
mid_engagement_weight: 1.0
low_engagement_weight: 0.3909190180723426
mid_threshold: 50.0
high_threshold: 80.0
random_state: 42
